P19	2	43	45	43	0
P8	3	99	4476	4473	4374
P117	23	55	132	109	54
P68	23	5	6295	6272	6267
P32	26	85	9417	9391	9306
P85	27	32	77	50	18
P209	38	28	14702	14664	14636
P83	40	48	10546	10506	10458
P5	50	39	7087	7037	6998
P215	55	8	12564	12509	12501
P292	58	18	3764	3706	3688
P78	66	72	14178	14112	14040
P102	68	1	2766	2698	2697
P76	69	8	3463	3394	3386
P103	73	61	12021	11948	11887
P159	80	85	7610	7530	7445
P34	80	4	6612	6532	6528
P191	96	61	6673	6577	6516
P258	99	66	12630	12531	12465
P140	110	39	8211	8101	8062
P192	111	39	10585	10474	10435
P281	112	56	11686	11574	11518
P62	118	16	262	144	128
P91	121	28	4098	3977	3949
P285	126	65	197	71	6
P246	131	65	4810	4679	4614
P287	131	51	10068	9937	9886
P118	135	100	8625	8490	8390
P218	138	63	4873	4735	4672
P106	139	92	8740	8601	8509
P279	147	80	4556	4409	4329
P238	148	83	9109	8961	8878
P154	149	72	5923	5774	5702
P222	150	49	246	96	47
P151	157	89	11392	11235	11146
P26	158	17	9495	9337	9320
P253	167	30	9525	9358	9328
P278	169	4	9529	9360	9356
P116	174	23	8648	8474	8451
P286	185	94	6017	5832	5738
P53	185	41	9570	9385	9344
P217	187	72	6989	6802	6730
P123	188	23	6040	5852	5829
P132	190	3	9112	8922	8919
P133	190	93	12114	11924	11831
P180	191	80	14258	14067	13987
P260	194	73	7820	7626	7553
P276	195	43	13432	13237	13194
P97	198	7	9733	9535	9528
P47	200	31	9764	9564	9533
P142	201	3	11689	11488	11485
P179	204	25	11417	11213	11188
P150	206	44	11461	11255	11211
P223	209	40	6713	6504	6464
P9	212	30	292	80	50
P101	215	1	11051	10836	10835
P182	217	71	5456	5239	5168
P50	229	57	5074	4845	4788
P264	233	67	7154	6921	6854
P249	234	70	14772	14538	14468
P88	236	57	8268	8032	7975
P105	238	65	6105	5867	5802
P235	238	39	7649	7411	7372
P66	238	44	7198	6960	6916
P98	238	9	11060	10822	10813
P124	241	76	10778	10537	10461
P193	248	62	11523	11275	11213
P95	255	94	12724	12469	12375
P252	261	20	11543	11282	11262
P213	263	98	11787	11524	11426
P227	263	94	6807	6544	6450
P298	263	98	10166	9903	9805
P39	265	15	3779	3514	3499
P224	266	78	10244	9978	9900
P274	267	39	331	64	25
P61	268	17	5341	5073	5056
P203	271	75	12189	11918	11843
P56	272	92	2277	2005	1913
P174	273	1	13782	13509	13508
P157	278	64	10308	10030	9966
P57	284	12	5468	5184	5172
P37	285	28	9598	9313	9285
P296	287	46	3825	3538	3492
P82	289	69	2835	2546	2477
P168	294	77	8817	8523	8446
P17	295	97	2374	2079	1982
P152	296	60	8328	8032	7972
P161	305	26	4582	4277	4251
P196	311	4	5472	5161	5157
P177	312	29	3492	3180	3151
P119	315	61	11121	10806	10745
P4	315	19	10797	10482	10463
P73	316	11	11900	11584	11573
P51	317	6	2841	2524	2518
P42	325	39	4912	4587	4548
P89	326	74	405	79	5
P200	340	10	415	75	65
P259	346	100	5174	4828	4728
P265	350	19	11562	11212	11193
P128	352	86	14344	13992	13906
P7	354	62	7882	7528	7466
P272	355	78	5550	5195	5117
P149	359	98	7747	7388	7290
P11	360	79	4991	4631	4552
P3	360	46	9644	9284	9238
P228	361	100	14444	14083	13983
P30	365	13	428	63	50
P120	369	69	9713	9344	9275
P187	371	61	10858	10487	10426
P18	374	38	14482	14108	14070
P226	374	85	6380	6006	5921
P245	375	71	499	124	53
P111	381	46	7035	6654	6608
P244	386	11	3503	3117	3106
P269	387	12	5353	4966	4954
P130	390	95	5645	5255	5160
P169	393	97	6477	6084	5987
P90	395	89	5734	5339	5250
P211	403	99	3166	2763	2664
P216	410	13	9726	9316	9303
P6	415	76	7274	6859	6783
P225	419	38	7947	7528	7490
P176	424	17	3183	2759	2742
P156	427	12	8829	8402	8390
P145	442	90	589	147	57
P273	442	72	13504	13062	12990
P190	443	17	9781	9338	9321
P67	445	15	7897	7452	7437
P10	449	97	12286	11837	11740
P171	449	75	8022	7573	7498
P277	450	32	8054	7604	7572
P108	451	16	3519	3068	3052
P28	453	92	14864	14411	14319
P40	453	68	9180	8727	8659
P188	462	91	13113	12651	12560
P267	462	43	9892	9430	9387
P237	471	22	3847	3376	3354
P163	473	36	4134	3661	3625
P21	473	45	12769	12296	12251
P153	485	54	3573	3088	3034
P195	486	66	10924	10438	10372
P268	488	71	952	464	393
P155	501	10	7284	6783	6773
P294	503	73	1025	522	449
P109	504	95	3278	2774	2679
P15	504	69	10993	10489	10420
P36	518	62	5796	5278	5216
P160	524	90	7374	6850	6760
P206	528	97	686	158	61
P242	529	2	5176	4647	4645
P38	529	71	2912	2383	2312
P112	530	7	4141	3611	3604
P144	539	15	6492	5953	5938
P282	540	77	13859	13319	13242
P289	541	1	7898	7357	7356
P172	542	19	3297	2755	2736
P71	542	2	6494	5952	5950
P70	546	98	8426	7880	7782
P158	547	35	3882	3335	3300
P139	548	39	3336	2788	2749
P100	551	92	8921	8370	8278
P254	554	78	5300	4746	4668
P1	559	66	6171	5612	5546
P93	559	3	10311	9752	9749
P31	561	55	1465	904	849
P234	564	19	6190	5626	5607
P122	566	67	9959	9393	9326
P131	567	5	10998	10431	10426
P162	568	61	4202	3634	3573
P198	577	84	2458	1881	1797
P207	577	11	7909	7332	7321
P290	577	80	7454	6877	6797
P189	579	11	9191	8612	8601
P263	585	94	1717	1132	1038
P114	586	41	6231	5645	5604
P275	593	89	13593	13000	12911
P165	596	52	2964	2368	2316
P81	597	94	14576	13979	13885
P173	598	88	9009	8411	8323
P183	609	98	11219	10610	10512
P212	611	100	13693	13082	12982
P80	613	63	3636	3023	2960
P166	615	69	1094	479	410
P232	616	7	11005	10389	10382
P284	618	13	7048	6430	6417
P236	619	32	5385	4766	4734
P184	624	51	13910	13286	13235
P197	625	39	11044	10419	10380
P250	625	37	10622	9997	9960
P143	626	41	727	101	60
P164	627	23	14887	14260	14237
P251	631	55	9246	8615	8560
P2	634	17	12786	12152	12135
P291	634	68	6562	5928	5860
P202	637	92	3974	3337	3245
P261	639	80	8506	7867	7787
P299	640	36	9995	9355	9319
P59	642	25	12811	12169	12144
P33	643	7	3343	2700	2693
P25	647	25	9806	9159	9134
P208	648	24	4606	3958	3934
P23	651	48	2506	1855	1807
P233	658	76	2110	1452	1376
P280	658	79	12365	11707	11628
P240	660	4	10315	9655	9651
P141	664	27	1744	1080	1053
P14	667	49	3013	2346	2297
P194	667	65	13178	12511	12446
P87	667	46	13739	13072	13026
P104	683	16	743	60	44
P147	683	85	10400	9717	9632
P60	686	9	12820	12134	12125
P92	687	17	1482	795	778
P99	696	71	814	118	47
P107	697	71	1553	856	785
P229	701	62	1156	455	393
P205	704	98	4300	3596	3498
P283	709	50	12415	11706	11656
P129	710	22	10017	9307	9285
P178	732	12	2518	1786	1774
P125	738	43	9849	9111	9068
P74	752	32	3668	2916	2884
P45	757	97	13275	12518	12421
P44	763	70	1226	463	393
P110	766	27	6834	6068	6041
P24	766	94	1320	554	460
P58	771	50	1603	832	782
P241	772	80	13990	13218	13138
P214	776	2	12417	11641	11639
P199	777	25	1345	568	543
P255	778	18	4318	3540	3522
P146	784	70	12487	11703	11633
P135	787	89	13364	12577	12488
P288	791	7	6238	5447	5440
P43	791	67	881	90	23
P134	798	35	13774	12976	12941
P86	805	69	1937	1132	1063
P185	809	63	11282	10473	10410
P167	811	7	13781	12970	12963
P136	813	55	5851	5038	4983
P137	818	6	1351	533	527
P96	820	43	12863	12043	12000
P231	822	13	3356	2534	2521
P115	826	80	10702	9876	9796
P210	836	19	8525	7689	7670
P16	837	97	2034	1197	1100
P55	838	36	12899	12061	12025
P127	839	68	14058	13219	13151
P201	840	99	3455	2615	2516
P84	842	44	11944	11102	11058
P230	843	2	12489	11646	11644
P170	845	4	12493	11648	11644
P247	848	67	11629	10781	10714
P13	851	6	11050	10199	10193
P52	856	46	5222	4366	4320
P220	857	48	14106	13249	13201
P29	859	73	14960	14101	14028
P69	871	1	11630	10759	10758
P49	878	17	9026	8148	8131
P300	882	21	11303	10421	10400
P243	883	83	6917	6034	5951
P54	886	85	2603	1717	1632
P113	891	20	1623	732	712
P72	901	16	11960	11059	11043
P64	903	57	15017	14114	14057
P94	904	68	7522	6618	6550
P295	906	52	12951	12045	11993
P46	908	16	4622	3714	3698
P121	911	11	10411	9500	9489
P75	911	51	1795	884	833
P181	914	96	4070	3156	3060
P204	914	78	3746	2832	2754
P27	914	86	9332	8418	8332
P138	917	59	4377	3460	3401
P271	921	29	2632	1711	1682
P266	922	37	11824	10902	10865
P248	925	75	2185	1260	1185
P20	929	16	2648	1719	1703
P12	934	63	12556	11622	11559
P257	938	59	1410	472	413
P175	939	90	2738	1799	1709
P63	944	35	4657	3713	3678
P77	948	25	13389	12441	12416
P293	953	98	14674	13721	13623
P41	955	44	6282	5327	5283
P186	958	88	4745	3787	3699
P270	959	26	5017	4058	4032
P297	963	56	8172	7209	7153
P256	965	62	8116	7151	7089
P221	969	8	6290	5321	5313
P148	973	61	9478	8505	8444
P65	979	73	1868	889	816
P126	980	71	13022	12042	11971
P262	981	27	2765	1784	1757
P35	981	54	3067	2086	2032
P48	987	46	6608	5621	5575
P79	988	87	10498	9510	9423
P239	995	3	7525	6530	6527
P22	996	65	11889	10893	10828
P219	999	24	5324	4325	4301